time samples
0.000000 -10
0.000063 -32
0.000125 -32
0.000188 -27
0.000250 -52
0.000313 -48
0.000375 -16
0.000438 -24
0.000500 -33
0.000562 -46
0.000625 -46
0.000687 -35
0.000750 -47
0.000812 -45
0.000875 -45
0.000937 -33
0.001000 -21
0.001063 -29
0.001125 -22
0.001187 -18
0.001250 -35
0.001313 -45
0.001375 -44
0.001437 -30
0.001500 -47
0.001563 -53
0.001625 -36
0.001687 -24
0.001750 -28
0.001813 -21
0.001875 -10
0.001937 -3
0.002000 12
0.002063 10
0.002125 2
0.002188 -6
0.002250 -10
0.002312 -5
0.002375 -4
0.002437 -22
0.002500 -25
0.002563 -9
0.002625 -2
0.002687 5
0.002750 -1
0.002812 6
0.002875 2
0.002938 11
0.003000 11
0.003063 12
0.003125 10
0.003187 2
0.003250 44
0.003312 44
0.003375 36
0.003438 45
0.003500 41
0.003563 23
0.003625 17
0.003687 26
0.003750 22
0.003812 1
0.003875 -16
0.003938 0
0.004000 -13
0.004063 -30
0.004125 -14
0.004188 -6
0.004250 -18
0.004313 -40
0.004375 -28
0.004437 -34
0.004500 -39
0.004562 -40
0.004625 -52
0.004687 -31
0.004750 -21
0.004812 -12
0.004875 -9
0.004938 -2
0.005000 14
0.005063 31
0.005125 13
0.005188 9
0.005250 5
0.005313 -11
0.005375 -13
0.005437 -7
0.005500 -12
0.005562 -21
0.005625 -6
0.005687 -24
0.005750 -37
0.005812 -19
0.005875 -17
0.005938 -19
0.006000 -19
0.006063 -36
0.006125 -42
0.006188 -37
0.006250 -46
0.006313 -61
0.006375 -51
0.006437 -50
0.006500 -51
0.006562 -19
0.006625 -16
0.006687 -33
0.006750 -24
0.006812 -20
0.006875 -12
0.006938 -15
0.007000 -28
0.007063 -30
0.007125 -25
0.007188 -26
0.007250 -22
0.007313 -7
0.007375 -39
0.007437 -48
0.007500 -34
0.007562 -10
0.007625 16
0.007687 -11
0.007750 -31
0.007812 -32
0.007875 -30
0.007938 -27
0.008000 -16
0.008063 -4
0.008125 -6
0.008188 -6
0.008250 -11
0.008313 6
0.008375 24
0.008438 28
0.008500 33
0.008563 25
0.008625 31
0.008688 34
0.008750 27
0.008812 19
0.008875 42
0.008937 57
0.009000 48
0.009062 44
0.009125 55
0.009187 66
0.009250 49
0.009312 28
0.009375 -10
0.009437 -35
0.009500 -23
0.009562 -14
0.009625 3
0.009687 16
0.009750 10
0.009813 -4
0.009875 -18
0.009938 -20
0.010000 3
0.010063 28
0.010125 15
0.010188 30
0.010250 30
0.010313 14
0.010375 39
0.010438 22
0.010500 59
0.010563 -3
0.010625 75
0.010688 220
0.010750 -211
0.010812 -66
0.010875 168
0.010937 207
0.011000 31
0.011062 -98
0.011125 326
0.011187 249
0.011250 270
0.011312 -35
0.011375 1305
0.011437 5404
0.011500 2527
0.011562 -1420
0.011625 -2222
0.011687 1128
0.011750 2306
0.011813 -1012
0.011875 -1286
0.011938 242
0.012000 619
0.012063 39
0.012125 -289
0.012188 330
0.012250 123
0.012313 -2
0.012375 -491
0.012438 1323
0.012500 5209
0.012563 3345
0.012625 -777
0.012688 798
0.012750 5163
0.012812 1939
0.012875 -1087
0.012937 -1074
0.013000 -8
0.013062 -12
0.013125 1046
0.013187 2048
0.013250 733
0.013312 -658
0.013375 -685
0.013437 -389
0.013500 -662
0.013562 -1398
0.013625 -1161
0.013688 -511
0.013750 -115
0.013813 -730
0.013875 147
0.013938 613
0.014000 1516
0.014063 2849
0.014125 -21
0.014188 -949
0.014250 -583
0.014313 -299
0.014375 -129
0.014438 -587
0.014500 -707
0.014563 -671
0.014625 -828
0.014687 -1370
0.014750 -1575
0.014812 -1646
0.014875 -2026
0.014937 -1757
0.015000 -1660
0.015062 -1361
0.015125 -760
0.015187 717
0.015250 1061
0.015312 -238
0.015375 -1319
0.015437 -1272
0.015500 -986
0.015562 -1151
0.015625 -1160
0.015688 -891
0.015750 -1005
0.015813 -764
0.015875 -155
0.015938 125
0.016000 -225
0.016063 -882
0.016125 -1302
0.016188 -1168
0.016250 -1061
0.016313 -1508
0.016375 -1269
0.016438 -658
0.016500 -245
0.016563 -405
0.016625 -924
0.016688 -991
0.016750 -1163
0.016813 -1492
0.016875 -1485
0.016938 -1548
0.017000 -1451
0.017063 -1408
0.017125 -1045
0.017188 -679
0.017250 -687
0.017313 -591
0.017375 -444
0.017438 -719
0.017500 -1111
0.017563 -968
0.017625 -734
0.017687 -321
0.017750 70
0.017812 51
0.017875 -198
0.017937 -272
0.018000 -40
0.018062 49
0.018125 63
0.018187 -48
0.018250 -274
0.018312 -67
0.018375 42
0.018437 59
0.018500 -139
0.018562 -5
0.018625 95
0.018687 -222
0.018750 -537
0.018812 -637
0.018875 -491
0.018937 -320
0.019000 -137
0.019062 -198
0.019125 -234
0.019187 -173
0.019250 -265
0.019312 -236
0.019375 -121
0.019437 -53
0.019500 3
0.019563 -14
0.019625 65
0.019688 128
0.019750 243
0.019813 306
0.019875 281
0.019938 130
0.020000 63
0.020063 115
0.020125 293
0.020188 522
0.020250 592
0.020313 500
0.020375 124
0.020438 -122
0.020500 108
0.020563 83
0.020625 43
0.020688 38
0.020750 -33
0.020813 -108
0.020875 26
0.020938 19
0.021000 -282
0.021063 -251
0.021125 -52
0.021188 -233
0.021250 -486
0.021313 -406
0.021375 -143
0.021438 -183
0.021500 -110
0.021562 -82
0.021625 -418
0.021687 -533
0.021750 -334
0.021812 -171
0.021875 -178
0.021937 19
0.022000 -74
0.022062 -330
0.022125 -346
0.022187 -425
0.022250 -413
0.022312 -102
0.022375 41
0.022437 -156
0.022500 -432
0.022562 -281
0.022625 -180
0.022687 -493
0.022750 -301
0.022812 17
0.022875 -290
0.022937 -476
0.023000 -225
0.023062 -439
0.023125 -441
0.023187 159
0.023250 26
0.023312 -10
0.023375 -46
0.023438 72
0.023500 269
0.023563 510
0.023625 693
0.023688 789
0.023750 913
0.023813 726
0.023875 983
0.023938 1252
0.024000 1563
0.024063 1307
0.024125 1025
0.024188 1470
0.024250 1513
0.024313 1269
0.024375 1470
0.024438 1583
0.024500 1419
0.024563 1180
0.024625 1301
0.024688 1006
0.024750 887
0.024813 1025
0.024875 1005
0.024938 886
0.025000 717
0.025063 643
0.025125 717
0.025188 1082
0.025250 1052
0.025313 1026
0.025375 1007
0.025437 869
0.025500 966
0.025562 1016
0.025625 1062
0.025687 1353
0.025750 1300
0.025812 1084
0.025875 1258
0.025937 1339
0.026000 1216
0.026062 1341
0.026125 1371
0.026187 1142
0.026250 980
0.026312 1030
0.026375 971
0.026437 893
0.026500 955
0.026562 777
0.026625 651
0.026687 570
0.026750 439
0.026812 310
0.026875 332
0.026937 330
0.027000 172
0.027062 20
0.027125 -112
0.027187 -331
0.027250 -363
0.027312 -219
0.027375 -301
0.027438 -370
0.027500 -381
0.027563 -644
0.027625 -780
0.027688 -434
0.027750 -344
0.027813 -768
0.027875 -961
0.027938 -969
0.028000 -911
0.028063 -999
0.028125 -1009
0.028188 -980
0.028250 -1375
0.028313 -1796
0.028375 -2027
0.028438 -2163
0.028500 -2264
0.028563 -2216
0.028625 -2658
0.028688 -2701
0.028750 -2450
0.028813 -2846
0.028875 -3217
0.028938 -2546
0.029000 -3122
0.029063 -3778
0.029125 -2860
0.029188 -2635
0.029250 -2764
0.029312 -2152
0.029375 -1703
0.029437 -1587
0.029500 -1040
0.029562 -1475
0.029625 -1818
0.029687 -1188
0.029750 -1167
0.029812 -1137
0.029875 -24
0.029937 779
0.030000 164
0.030062 129
0.030125 821
0.030187 817
0.030250 401
0.030312 474
0.030375 860
0.030437 840
0.030500 797
0.030562 1380
0.030625 2003
0.030687 1691
0.030750 1209
0.030812 1548
0.030875 2406
0.030937 3419
0.031000 3862
0.031062 3637
0.031125 3495
0.031187 3000
0.031250 2220
0.031313 2087
0.031375 2459
0.031438 2146
0.031500 1599
0.031563 1598
0.031625 1784
0.031688 1373
0.031750 682
0.031813 356
0.031875 377
0.031938 -47
0.032000 -633
0.032063 -620
0.032125 -139
0.032188 388
0.032250 984
0.032313 1659
0.032375 2519
0.032438 2365
0.032500 1707
0.032563 3389
0.032625 4791
0.032688 2963
0.032750 2943
0.032813 4990
0.032875 3608
0.032938 1804
0.033000 3393
0.033063 3505
0.033125 969
0.033188 479
0.033250 1659
0.033313 959
0.033375 -865
0.033438 -806
0.033500 237
0.033563 -468
0.033625 -1720
0.033688 -1589
0.033750 -643
0.033813 -567
0.033875 -1391
0.033938 -1357
0.034000 -338
0.034063 -562
0.034125 -1800
0.034188 -1173
0.034250 145
0.034313 -436
0.034375 -1298
0.034438 -411
0.034500 186
0.034563 -864
0.034625 -1565
0.034688 -1111
0.034750 -991
0.034813 -1758
0.034875 -2368
0.034938 -1983
0.035000 -1733
0.035063 -2328
0.035125 -3218
0.035187 -3260
0.035250 -2741
0.035312 -3228
0.035375 -3244
0.035437 -2837
0.035500 -2742
0.035562 -3914
0.035625 -5113
0.035687 -3905
0.035750 -3883
0.035812 -4486
0.035875 -3578
0.035937 -2102
0.036000 -2783
0.036062 -2829
0.036125 -2215
0.036187 -2612
0.036250 -2583
0.036312 -2652
0.036375 -2430
0.036437 -1031
0.036500 256
0.036562 277
0.036625 390
0.036687 859
0.036750 453
0.036812 -195
0.036875 -108
0.036937 550
0.037000 1182
0.037062 831
0.037125 1248
0.037187 2160
0.037250 1977
0.037312 977
0.037375 1914
0.037437 4174
0.037500 6101
0.037562 5756
0.037625 4229
0.037687 3562
0.037750 2766
0.037812 1757
0.037875 2825
0.037937 3819
0.038000 2427
0.038062 1170
0.038125 1903
0.038187 2294
0.038250 929
0.038312 -993
0.038375 -1714
0.038437 -1461
0.038500 -1582
0.038562 -1927
0.038625 -1775
0.038687 -1034
0.038750 -481
0.038812 -260
0.038875 -456
0.038937 -908
0.039000 -1450
0.039062 -1298
0.039125 70
0.039188 1714
0.039250 1922
0.039313 1599
0.039375 2243
0.039438 2879
0.039500 2694
0.039563 2475
0.039625 2464
0.039688 2123
0.039750 1824
0.039813 2852
0.039875 4011
0.039938 5305
0.040000 5316
0.040063 3318
0.040125 1799
0.040188 1559
0.040250 797
0.040313 218
0.040375 615
0.040438 5
0.040500 -713
0.040563 -396
0.040625 70
0.040688 -323
0.040750 -1777
0.040813 -2528
0.040875 -1854
0.040938 -1430
0.041000 -1443
0.041063 -665
0.041125 651
0.041188 1378
0.041250 1619
0.041313 1354
0.041375 931
0.041438 473
0.041500 546
0.041563 1385
0.041625 2154
0.041688 1989
0.041750 1469
0.041813 1492
0.041875 1323
0.041938 654
0.042000 -94
0.042063 -937
0.042125 -1543
0.042188 -1845
0.042250 -1880
0.042313 -1736
0.042375 -1826
0.042438 -2387
0.042500 -2995
0.042563 -3397
0.042625 -3493
0.042688 -3021
0.042750 -3072
0.042813 -3365
0.042875 -2981
0.042938 -2605
0.043000 -2886
0.043062 -2617
0.043125 -2270
0.043187 -3274
0.043250 -4185
0.043312 -3697
0.043375 -3089
0.043437 -3159
0.043500 -2542
0.043562 -2060
0.043625 -2554
0.043687 -2094
0.043750 -2462
0.043812 -2998
0.043875 -2252
0.043937 -2470
0.044000 -2833
0.044062 -1403
0.044125 -147
0.044187 -744
0.044250 -268
0.044312 47
0.044375 -638
0.044437 -1175
0.044500 -1347
0.044562 -1354
0.044625 -1174
0.044687 -455
0.044750 679
0.044812 1067
0.044875 567
0.044937 -71
0.045000 222
0.045062 474
0.045125 1880
0.045187 6249
0.045250 7535
0.045312 4978
0.045375 4165
0.045437 4148
0.045500 2390
0.045562 2821
0.045625 4444
0.045687 3267
0.045750 2279
0.045812 2774
0.045875 3461
0.045937 2214
0.046000 -436
0.046062 -1935
0.046125 -1807
0.046187 -1922
0.046250 -2386
0.046312 -2443
0.046375 -2158
0.046437 -1221
0.046500 -391
0.046562 -1160
0.046625 -2260
0.046687 -2677
0.046750 -2565
0.046812 -1085
0.046875 1337
0.046938 1973
0.047000 1550
0.047063 2055
0.047125 2523
0.047188 2526
0.047250 2556
0.047313 2417
0.047375 2201
0.047438 1976
0.047500 1930
0.047563 2467
0.047625 3067
0.047688 2513
0.047750 2690
0.047813 3948
0.047875 2781
0.047938 2625
0.048000 3249
0.048063 1319
0.048125 -939
0.048188 -85
0.048250 -361
0.048313 -963
0.048375 -175
0.048438 -78
0.048500 -381
0.048563 -805
0.048625 -1427
0.048688 -1450
0.048750 -1403
0.048813 -1723
0.048875 -1059
0.048938 402
0.049000 935
0.049063 999
0.049125 1204
0.049188 1752
0.049250 1696
0.049313 865
0.049375 752
0.049438 1286
0.049500 1459
0.049563 1222
0.049625 1760
0.049688 1720
0.049750 827
0.049813 -123
0.049875 -610
0.049938 -898
0.050000 -1074
0.050063 -1546
0.050125 -1819
0.050188 -1626
0.050250 -1930
0.050313 -2717
0.050375 -2916
0.050438 -2927
0.050500 -3254
0.050563 -3388
0.050625 -2551
0.050688 -1876
0.050750 -1959
0.050812 -2230
0.050875 -2236
0.050937 -2222
0.051000 -2427
0.051062 -2434
0.051125 -1708
0.051187 -1642
0.051250 -3262
0.051312 -3790
0.051375 -2756
0.051437 -3566
0.051500 -3916
0.051562 -2972
0.051625 -2258
0.051687 -3598
0.051750 -4670
0.051812 -3286
0.051875 -2094
0.051937 -2084
0.052000 -2703
0.052062 -828
0.052125 -1012
0.052187 -2138
0.052250 -880
0.052312 827
0.052375 -389
0.052437 -1923
0.052500 -547
0.052562 -298
0.052625 -270
0.052687 306
0.052750 1626
0.052812 1914
0.052875 1036
0.052937 167
0.053000 544
0.053062 1330
0.053125 2601
0.053187 7515
0.053250 8719
0.053312 5046
0.053375 3533
0.053437 3371
0.053500 1705
0.053562 2541
0.053625 4669
0.053687 3094
0.053750 1918
0.053812 2437
0.053875 2657
0.053937 1395
0.054000 -866
0.054062 -2070
0.054125 -2189
0.054187 -2480
0.054250 -2465
0.054312 -1511
0.054375 -833
0.054437 -387
0.054500 -186
0.054562 -1369
0.054625 -2275
0.054688 -2030
0.054750 -1094
0.054813 302
0.054875 2080
0.054938 2626
0.055000 2331
0.055063 2531
0.055125 2473
0.055188 2427
0.055250 2633
0.055313 2435
0.055375 2017
0.055438 2013
0.055500 2296
0.055563 2785
0.055625 3996
0.055688 4233
0.055750 2817
0.055813 1375
0.055875 1123
0.055938 889
0.056000 12
0.056063 104
0.056125 326
0.056188 -383
0.056250 -1001
0.056313 -169
0.056375 -114
0.056438 -1581
0.056500 -1923
0.056563 -754
0.056625 -487
0.056688 -972
0.056750 -147
0.056813 1196
0.056875 1430
0.056938 1227
0.057000 1322
0.057063 1431
0.057125 1068
0.057188 1034
0.057250 1668
0.057313 2265
0.057375 1969
0.057438 1378
0.057500 1416
0.057563 1057
0.057625 84
0.057688 -282
0.057750 -206
0.057813 -641
0.057875 -929
0.057938 -909
0.058000 -942
0.058063 -856
0.058125 -1203
0.058188 -1896
0.058250 -2153
0.058313 -2103
0.058375 -2122
0.058438 -1901
0.058500 -1642
0.058563 -1734
0.058625 -1904
0.058687 -1849
0.058750 -1396
0.058812 -1226
0.058875 -1534
0.058937 -1594
0.059000 -1590
0.059062 -1759
0.059125 -1981
0.059187 -1687
0.059250 -2124
0.059312 -2682
0.059375 -2060
0.059437 -3019
0.059500 -4870
0.059562 -4406
0.059625 -3205
0.059687 -4154
0.059750 -3753
0.059812 -2040
0.059875 -2743
0.059937 -3674
0.060000 -3056
0.060062 -2112
0.060125 -2430
0.060187 -3182
0.060250 -1970
0.060312 -466
0.060375 -874
0.060437 -551
0.060500 1092
0.060562 593
0.060625 -1249
0.060687 -929
0.060750 -130
0.060812 282
0.060875 361
0.060937 1073
0.061000 1846
0.061062 1716
0.061125 1227
0.061187 1450
0.061250 1567
0.061312 2578
0.061375 6319
0.061437 7386
0.061500 4641
0.061562 3407
0.061625 2817
0.061687 1743
0.061750 3060
0.061812 4557
0.061875 2504
0.061937 1143
0.062000 1995
0.062062 2360
0.062125 963
0.062187 -1066
0.062250 -1924
0.062312 -1793
0.062375 -1771
0.062437 -1570
0.062500 -994
0.062562 -878
0.062625 -740
0.062687 -377
0.062750 -804
0.062812 -1446
0.062875 -1384
0.062937 -572
0.063000 764
0.063062 2000
0.063125 2163
0.063187 2070
0.063250 2455
0.063312 2193
0.063375 1913
0.063437 2242
0.063500 2430
0.063562 2074
0.063625 1913
0.063687 1946
0.063750 2269
0.063812 3972
0.063875 4177
0.063937 1772
0.064000 977
0.064062 1272
0.064125 416
0.064187 444
0.064250 1544
0.064312 382
0.064375 -777
0.064437 -315
0.064500 439
0.064562 8
0.064625 -1342
0.064687 -1338
0.064750 -161
0.064812 -1
0.064875 -512
0.064937 102
0.065000 1031
0.065062 1082
0.065125 928
0.065187 1055
0.065250 1225
0.065312 777
0.065375 596
0.065437 1606
0.065500 2300
0.065562 1505
0.065625 690
0.065687 739
0.065750 480
0.065812 -160
0.065875 -196
0.065937 64
0.066000 -150
0.066062 -797
0.066125 -1010
0.066187 -814
0.066250 -828
0.066312 -1282
0.066375 -1903
0.066437 -1890
0.066500 -1571
0.066562 -1574
0.066625 -1472
0.066687 -1353
0.066750 -1764
0.066812 -1784
0.066875 -1320
0.066937 -1468
0.067000 -1597
0.067062 -1614
0.067125 -2031
0.067187 -1976
0.067250 -1814
0.067312 -1869
0.067375 -2097
0.067437 -2137
0.067500 -2200
0.067562 -3424
0.067625 -3945
0.067687 -3638
0.067750 -4497
0.067812 -4610
0.067875 -2697
0.067937 -2804
0.068000 -3543
0.068062 -2472
0.068125 -2718
0.068187 -3338
0.068250 -2443
0.068312 -1959
0.068375 -1939
0.068437 -1177
0.068500 -1085
0.068562 -460
0.068625 638
0.068687 472
0.068750 7
0.068812 7
0.068875 -987
0.068937 -1258
0.069000 -816
0.069062 -141
0.069125 1184
0.069187 2053
0.069250 793
0.069312 605
0.069375 976
0.069437 279
0.069500 341
0.069562 4461
0.069625 8259
0.069687 5881
0.069750 3440
0.069812 3597
0.069875 2572
0.069937 1307
0.070000 3861
0.070062 4646
0.070125 2231
0.070187 1457
0.070250 2783
0.070312 2914
0.070375 141
0.070438 -1931
0.070500 -1724
0.070563 -1483
0.070625 -1828
0.070688 -1734
0.070750 -921
0.070813 -385
0.070875 -290
0.070938 -1100
0.071000 -1648
0.071063 -1901
0.071125 -1865
0.071188 -520
0.071250 1606
0.071313 2285
0.071375 1769
0.071438 2025
0.071500 2304
0.071563 1949
0.071625 1814
0.071688 2052
0.071750 2352
0.071813 2366
0.071875 3375
0.071938 4676
0.072000 3978
0.072063 2690
0.072125 2198
0.072188 807
0.072250 244
0.072313 1329
0.072375 882
0.072438 -159
0.072500 -15
0.072563 18
0.072625 -307
0.072688 -582
0.072750 -1352
0.072813 -1547
0.072875 -1090
0.072938 -808
0.073000 -592
0.073063 -124
0.073125 468
0.073188 957
0.073250 1027
0.073313 1049
0.073375 842
0.073438 634
0.073500 1161
0.073563 2195
0.073625 2147
0.073688 1531
0.073750 1299
0.073813 1028
0.073875 650
0.073938 321
0.074000 -28
0.074063 -237
0.074125 -264
0.074188 -505
0.074250 -606
0.074313 -556
0.074375 -892
0.074438 -1421
0.074500 -1949
0.074563 -1728
0.074625 -1273
0.074688 -1159
0.074750 -1133
0.074813 -1034
0.074875 -1286
0.074938 -1793
0.075000 -1885
0.075063 -1644
0.075125 -1313
0.075188 -1173
0.075250 -972
0.075313 -774
0.075375 -1066
0.075438 -1895
0.075500 -2515
0.075563 -1994
0.075625 -1771
0.075688 -2357
0.075750 -2511
0.075813 -2345
0.075875 -3267
0.075938 -3287
0.076000 -2865
0.076063 -3914
0.076125 -3582
0.076188 -4255
0.076250 -4683
0.076313 -2707
0.076375 -1723
0.076438 -3426
0.076500 -2460
0.076563 -991
0.076625 -2440
0.076688 -2455
0.076750 -501
0.076813 -950
0.076875 -1966
0.076938 453
0.077000 1091
0.077063 -277
0.077125 -230
0.077188 -248
0.077250 -663
0.077313 -266
0.077375 485
0.077438 418
0.077500 542
0.077563 699
0.077625 635
0.077688 608
0.077750 843
0.077813 1348
0.077875 1578
0.077938 5195
0.078000 7035
0.078063 4129
0.078125 2906
0.078187 2933
0.078250 1703
0.078312 1956
0.078375 4417
0.078437 3950
0.078500 2162
0.078562 2290
0.078625 2949
0.078687 1411
0.078750 -1136
0.078812 -1510
0.078875 -1064
0.078937 -895
0.079000 -877
0.079062 -764
0.079125 -689
0.079187 -774
0.079250 -841
0.079312 -1291
0.079375 -1722
0.079437 -1626
0.079500 -1006
0.079562 212
0.079625 1687
0.079687 2069
0.079750 1483
0.079812 1536
0.079875 1602
0.079937 1287
0.080000 1448
0.080062 2273
0.080125 2565
0.080187 2726
0.080250 3185
0.080312 3404
0.080375 3650
0.080437 4171
0.080500 2292
0.080562 -197
0.080625 383
0.080687 636
0.080750 -294
0.080812 632
0.080875 1620
0.080937 -255
0.081000 -1345
0.081062 -507
0.081125 -749
0.081187 -2212
0.081250 -2322
0.081312 -706
0.081375 349
0.081437 203
0.081500 615
0.081562 1222
0.081625 858
0.081687 390
0.081750 718
0.081812 1221
0.081875 1560
0.081937 1648
0.082000 1758
0.082062 2327
0.082125 1988
0.082187 583
0.082250 141
0.082312 373
0.082375 37
0.082437 -194
0.082500 210
0.082562 188
0.082625 -548
0.082687 -1261
0.082750 -1303
0.082812 -1326
0.082875 -1809
0.082937 -1945
0.083000 -1502
0.083062 -1092
0.083125 -956
0.083187 -1229
0.083250 -1613
0.083312 -1757
0.083375 -1932
0.083437 -1858
0.083500 -1549
0.083562 -981
0.083625 -773
0.083687 -958
0.083750 -1056
0.083812 -1211
0.083875 -1878
0.083937 -2413
0.084000 -2381
0.084062 -2178
0.084125 -2317
0.084187 -2866
0.084250 -3265
0.084312 -2949
0.084375 -3549
0.084437 -3896
0.084500 -3179
0.084562 -3499
0.084625 -3893
0.084687 -3115
0.084750 -3066
0.084812 -2791
0.084875 -1722
0.084937 -1972
0.085000 -1724
0.085062 -1381
0.085125 -1650
0.085187 -1356
0.085250 -548
0.085312 517
0.085375 681
0.085437 134
0.085500 151
0.085562 -54
0.085625 -972
0.085687 -449
0.085750 336
0.085812 89
0.085875 88
0.085938 462
0.086000 663
0.086063 448
0.086125 537
0.086188 761
0.086250 522
0.086313 2429
0.086375 6724
0.086438 6056
0.086500 3357
0.086563 2940
0.086625 2349
0.086688 1501
0.086750 3271
0.086813 4564
0.086875 2831
0.086938 2270
0.087000 3161
0.087063 2801
0.087125 195
0.087188 -1542
0.087250 -1208
0.087313 -631
0.087375 -550
0.087438 -600
0.087500 -701
0.087563 -952
0.087625 -837
0.087688 -1018
0.087750 -1599
0.087813 -1691
0.087875 -1620
0.087938 -846
0.088000 888
0.088063 2045
0.088125 1743
0.088188 1583
0.088250 1359
0.088313 788
0.088375 922
0.088438 1964
0.088500 2600
0.088563 2651
0.088625 2958
0.088688 4305
0.088750 3957
0.088813 2894
0.088875 2693
0.088938 1897
0.089000 770
0.089063 450
0.089125 1299
0.089188 842
0.089250 117
0.089313 18
0.089375 598
0.089438 -753
0.089500 -2112
0.089563 -1519
0.089625 -991
0.089688 -1120
0.089750 -899
0.089813 227
0.089875 836
0.089938 398
0.090000 199
0.090063 764
0.090125 870
0.090188 596
0.090250 1333
0.090313 2168
0.090375 2130
0.090438 1607
0.090500 1614
0.090563 1569
0.090625 899
0.090688 253
0.090750 78
0.090813 411
0.090875 352
0.090938 -181
0.091000 -422
0.091063 -414
0.091125 -1036
0.091188 -1721
0.091250 -1701
0.091313 -1487
0.091375 -1396
0.091438 -1419
0.091500 -1190
0.091563 -1307
0.091625 -1676
0.091688 -2062
0.091750 -2103
0.091813 -1801
0.091875 -1494
0.091938 -1048
0.092000 -662
0.092063 -621
0.092125 -1191
0.092188 -1626
0.092250 -2077
0.092313 -2089
0.092375 -1404
0.092438 -1120
0.092500 -1530
0.092563 -2427
0.092625 -2966
0.092688 -2668
0.092750 -3159
0.092813 -3831
0.092875 -3706
0.092938 -2845
0.093000 -4364
0.093063 -3175
0.093125 -1069
0.093188 -3163
0.093250 -4364
0.093313 -1436
0.093375 -1493
0.093438 -3199
0.093500 -444
0.093563 -84
0.093625 -1331
0.093688 143
0.093750 524
0.093812 -788
0.093875 -853
0.093937 560
0.094000 22
0.094062 315
0.094125 1107
0.094187 527
0.094250 -778
0.094312 -76
0.094375 1194
0.094437 316
0.094500 481
0.094562 1403
0.094625 1302
0.094687 510
0.094750 3667
0.094812 6881
0.094875 4273
0.094937 2208
0.095000 2777
0.095062 1770
0.095125 1596
0.095187 4322
0.095250 4077
0.095312 2142
0.095375 2593
0.095437 2851
0.095500 1406
0.095562 -744
0.095625 -1213
0.095687 -662
0.095750 136
0.095812 240
0.095875 -333
0.095937 -1032
0.096000 -1039
0.096062 -928
0.096125 -1262
0.096187 -1378
0.096250 -1144
0.096312 -1014
0.096375 -214
0.096437 1294
0.096500 1677
0.096562 888
0.096625 1056
0.096687 931
0.096750 423
0.096812 1263
0.096875 2557
0.096937 2676
0.097000 2438
0.097062 2879
0.097125 2691
0.097187 2156
0.097250 3639
0.097312 3309
0.097375 944
0.097437 1578
0.097500 2480
0.097562 303
0.097625 249
0.097687 1398
0.097750 -56
0.097812 -672
0.097875 129
0.097937 -75
0.098000 -1240
0.098062 -1683
0.098125 -818
0.098187 11
0.098250 -291
0.098312 -317
0.098375 177
0.098437 405
0.098500 527
0.098562 789
0.098625 1220
0.098687 1602
0.098750 1201
0.098812 990
0.098875 1723
0.098937 1990
0.099000 1087
0.099062 881
0.099125 1045
0.099187 464
0.099250 174
0.099312 416
0.099375 196
0.099437 -359
0.099500 -760
0.099562 -940
0.099625 -1119
0.099687 -1466
0.099750 -1516
0.099812 -1437
0.099875 -1295
0.099937 -1013
0.100000 -1474
0.100062 -2190
0.100125 -2086
0.100187 -1889
0.100250 -2211
0.100312 -1753
0.100375 -883
0.100437 -1147
0.100500 -1376
0.100562 -1118
0.100625 -1620
0.100687 -2056
0.100750 -1748
0.100812 -1761
0.100875 -2120
0.100937 -2322
0.101000 -2611
0.101062 -2345
0.101125 -2581
0.101187 -3254
0.101250 -3673
0.101312 -3428
0.101375 -2455
0.101437 -2865
0.101500 -2478
0.101562 -2258
0.101625 -2483
0.101688 -2339
0.101750 -1419
0.101813 -1428
0.101875 -2415
0.101938 -1619
0.102000 -1413
0.102063 -1505
0.102125 -659
0.102188 -193
0.102250 102
0.102313 -212
0.102375 -330
0.102438 -1077
0.102500 -525
0.102563 26
0.102625 203
0.102688 1008
0.102750 794
0.102813 1058
0.102875 931
0.102938 1306
0.103000 1274
0.103063 1742
0.103125 4713
0.103188 7042
0.103250 4873
0.103313 2745
0.103375 2726
0.103438 1898
0.103500 2272
0.103563 4647
0.103625 3864
0.103688 1912
0.103750 2029
0.103813 2503
0.103875 929
0.103938 -1147
0.104000 -1599
0.104063 -958
0.104125 -762
0.104188 -717
0.104250 -677
0.104313 -1144
0.104375 -1575
0.104438 -1428
0.104500 -1443
0.104563 -1647
0.104625 -1353
0.104688 -733
0.104750 276
0.104813 1442
0.104875 1876
0.104938 1524
0.105000 1234
0.105063 941
0.105125 969
0.105188 1979
0.105250 3080
0.105313 3088
0.105375 2424
0.105438 1856
0.105500 1778
0.105563 1516
0.105625 1652
0.105688 2479
0.105750 2913
0.105813 2430
0.105875 1841
0.105938 2059
0.106000 820
0.106063 -816
0.106125 -442
0.106188 151
0.106250 -413
0.106313 -59
0.106375 800
0.106438 -53
0.106500 -1028
0.106563 -1217
0.106625 -577
0.106688 -477
0.106750 -600
0.106813 184
0.106875 1245
0.106938 1332
0.107000 1106
0.107063 1139
0.107125 955
0.107188 441
0.107250 586
0.107313 1486
0.107375 1885
0.107438 1389
0.107500 961
0.107563 786
0.107625 546
0.107688 -120
0.107750 -664
0.107813 -450
0.107875 -330
0.107938 -770
0.108000 -690
0.108063 -639
0.108125 -1260
0.108188 -1839
0.108250 -1886
0.108313 -1998
0.108375 -1905
0.108438 -1697
0.108500 -1696
0.108563 -1498
0.108625 -1360
0.108688 -1613
0.108750 -1632
0.108813 -1500
0.108875 -1465
0.108938 -1549
0.109000 -1993
0.109063 -1634
0.109125 -1421
0.109188 -2068
0.109250 -1920
0.109313 -1899
0.109375 -2840
0.109437 -3140
0.109500 -3326
0.109562 -3779
0.109625 -3248
0.109687 -3003
0.109750 -3733
0.109812 -2526
0.109875 -1859
0.109937 -2805
0.110000 -2728
0.110062 -2059
0.110125 -2516
0.110187 -1978
0.110250 -1733
0.110312 -1164
0.110375 -172
0.110437 -1862
0.110500 -842
0.110562 1667
0.110625 -572
0.110687 -2165
0.110750 388
0.110812 76
0.110875 -745
0.110937 1114
0.111000 1286
0.111062 526
0.111125 94
0.111187 482
0.111250 1624
0.111312 1489
0.111375 1246
0.111437 4964
0.111500 7282
0.111562 3740
0.111625 2155
0.111687 2683
0.111750 1762
0.111812 1771
0.111875 4406
0.111937 4102
0.112000 2660
0.112062 2278
0.112125 1902
0.112187 896
0.112250 -951
0.112312 -1693
0.112375 -559
0.112437 -20
0.112500 -777
0.112562 -623
0.112625 -286
0.112687 -964
0.112750 -1721
0.112812 -1996
0.112875 -1641
0.112937 -1126
0.113000 -562
0.113062 441
0.113125 1529
0.113187 1434
0.113250 791
0.113312 798
0.113375 796
0.113437 745
0.113500 1683
0.113562 2959
0.113625 2947
0.113687 2293
0.113750 1800
0.113812 1977
0.113875 2642
0.113937 2561
0.114000 1792
0.114062 2400
0.114125 2358
0.114187 1086
0.114250 1429
0.114312 1627
0.114375 -287
0.114437 -671
0.114500 354
0.114562 -176
0.114625 -720
0.114687 -285
0.114750 -314
0.114812 -664
0.114875 -751
0.114937 -712
0.115000 -392
0.115062 -271
0.115125 -95
0.115187 749
0.115250 1133
0.115312 960
0.115375 765
0.115437 830
0.115500 906
0.115562 1198
0.115625 1382
0.115687 1348
0.115750 1224
0.115812 811
0.115875 770
0.115937 802
0.116000 324
0.116062 -61
0.116125 -185
0.116187 -317
0.116250 -558
0.116312 -519
0.116375 -804
0.116437 -1037
0.116500 -1098
0.116562 -1244
0.116625 -1624
0.116687 -1688
0.116750 -1605
0.116812 -1852
0.116875 -1862
0.116937 -1625
0.117000 -1732
0.117062 -1845
0.117125 -1567
0.117188 -1335
0.117250 -1164
0.117313 -1580
0.117375 -2114
0.117438 -1658
0.117500 -1262
0.117563 -2023
0.117625 -1831
0.117688 -1963
0.117750 -2634
0.117813 -2671
0.117875 -3130
0.117938 -3253
0.118000 -3487
0.118063 -3033
0.118125 -2705
0.118188 -2488
0.118250 -2339
0.118313 -3054
0.118375 -2841
0.118438 -2038
0.118500 -2037
0.118563 -2505
0.118625 -1053
0.118688 -1329
0.118750 -1109
0.118813 55
0.118875 -582
0.118938 295
0.119000 -596
0.119063 -1011
0.119125 -725
0.119188 710
0.119250 131
0.119313 884
0.119375 644
0.119438 214
0.119500 507
0.119563 150
0.119625 1244
0.119688 1618
0.119750 1373
0.119813 3363
0.119875 6781
0.119938 4417
0.120000 1565
0.120063 2309
0.120125 2253
0.120188 1672
0.120250 4035
0.120313 4483
0.120375 2322
0.120438 2166
0.120500 2539
0.120563 1161
0.120625 -611
0.120688 -1321
0.120750 -514
0.120813 116
0.120875 97
0.120938 -179
0.121000 -440
0.121063 -1283
0.121125 -1789
0.121188 -1919
0.121250 -1555
0.121313 -1111
0.121375 -636
0.121438 117
0.121500 1061
0.121563 1150
0.121625 493
0.121688 343
0.121750 388
0.121813 512
0.121875 1636
0.121938 2892
0.122000 2849
0.122063 2129
0.122125 1691
0.122188 1493
0.122250 1231
0.122313 1727
0.122375 2950
0.122438 2271
0.122500 2015
0.122563 2467
0.122625 1493
0.122688 764
0.122750 1405
0.122813 572
0.122875 -431
0.122938 552
0.123000 791
0.123063 189
0.123125 -332
0.123188 -405
0.123250 -715
0.123313 -797
0.123375 -472
0.123438 -213
0.123500 -436
0.123563 -3
0.123625 738
0.123688 747
0.123750 439
0.123813 254
0.123875 274
0.123938 629
0.124000 1357
0.124063 1443
0.124125 1035
0.124188 1075
0.124250 891
0.124313 414
0.124375 500
0.124438 630
0.124500 50
0.124563 23
0.124625 116
0.124688 -157
0.124750 -555
0.124813 -687
0.124875 -957
0.124938 -1435
0.125000 -1375
0.125062 -1284
0.125125 -1308
0.125188 -1688
0.125250 -1855
0.125312 -1887
0.125375 -2025
0.125438 -2055
0.125500 -1819
0.125562 -1701
0.125625 -1532
0.125688 -1136
0.125750 -2070
0.125812 -2514
0.125875 -1778
0.125938 -2172
0.126000 -2121
0.126062 -1436
0.126125 -2097
0.126188 -2193
0.126250 -2878
0.126312 -3702
0.126375 -3217
0.126438 -3182
0.126500 -2947
0.126562 -2151
0.126625 -2003
0.126688 -3342
0.126750 -2897
0.126812 -2189
0.126875 -1996
0.126938 -1845
0.127000 -1325
0.127062 -682
0.127125 -769
0.127188 -669
0.127250 -1071
0.127312 1
0.127375 -230
0.127438 -1214
0.127500 -471
0.127562 534
0.127625 -143
0.127688 126
0.127750 1023
0.127812 580
0.127875 -91
0.127938 287
0.128000 1297
0.128062 1830
0.128125 1372
0.128188 4360
0.128250 6892
0.128312 3345
0.128375 1280
0.128438 2201
0.128500 2284
0.128562 2273
0.128625 4699
0.128688 4257
0.128750 2609
0.128812 2356
0.128875 2217
0.128938 894
0.129000 -815
0.129062 -950
0.129125 115
0.129188 732
0.129250 149
0.129312 -437
0.129375 -712
0.129438 -1534
0.129500 -2266
0.129562 -2119
0.129625 -1335
0.129688 -862
0.129750 -711
0.129812 -93
0.129875 898
0.129938 527
0.130000 -415
0.130062 -122
0.130125 185
0.130188 498
0.130250 1929
0.130312 3050
0.130375 2386
0.130438 1552
0.130500 1559
0.130562 1682
0.130625 1317
0.130688 1446
0.130750 2558
0.130812 3010
0.130875 2817
0.130938 2366
0.131000 1233
0.131062 192
0.131125 281
0.131188 873
0.131250 1227
0.131312 1144
0.131375 714
0.131438 319
0.131500 -374
0.131562 -1137
0.131625 -1133
0.131688 -715
0.131750 -397
0.131812 -181
0.131875 129
0.131938 255
0.132000 -73
0.132062 -386
0.132125 -286
0.132188 -38
0.132250 61
0.132312 814
0.132375 1579
0.132438 1349
0.132500 980
0.132562 995
0.132625 612
0.132688 34
0.132750 283
0.132812 819
0.132875 1175
0.132937 945
0.133000 350
0.133063 -9
0.133125 -681
0.133187 -1043
0.133250 -683
0.133313 -690
0.133375 -1046
0.133437 -755
0.133500 -757
0.133563 -1246
0.133625 -1629
0.133687 -2138
0.133750 -2196
0.133813 -1957
0.133875 -1611
0.133937 -1247
0.134000 -1097
0.134063 -1249
0.134125 -1752
0.134187 -2356
0.134250 -2587
0.134313 -2165
0.134375 -1976
0.134437 -1895
0.134500 -1351
0.134563 -1810
0.134625 -2923
0.134687 -3017
0.134750 -3211
0.134813 -3265
0.134875 -3263
0.134937 -2453
0.135000 -1804
0.135063 -2121
0.135125 -2690
0.135187 -1789
0.135250 -1994
0.135313 -3787
0.135375 -1694
0.135437 -38
0.135500 -1075
0.135563 -78
0.135625 809
0.135687 -1494
0.135750 -1970
0.135813 -293
0.135875 -353
0.135937 -134
0.136000 24
0.136063 1014
0.136125 800
0.136187 -79
0.136250 214
0.136313 264
0.136375 -348
0.136437 788
0.136500 1969
0.136563 1408
0.136625 2402
0.136687 5604
0.136750 4529
0.136813 1594
0.136875 1371
0.136937 1558
0.137000 1687
0.137063 4003
0.137125 5033
0.137187 2750
0.137250 2291
0.137313 2358
0.137375 1088
0.137437 -399
0.137500 -213
0.137563 621
0.137625 694
0.137687 534
0.137750 391
0.137813 -377
0.137875 -1138
0.137937 -1613
0.138000 -2025
0.138063 -1755
0.138125 -823
0.138187 -326
0.138250 -109
0.138313 175
0.138375 120
0.138437 -630
0.138500 -755
0.138563 -299
0.138625 178
0.138687 1266
0.138750 2514
0.138813 2140
0.138875 1175
0.138937 1090
0.139000 1690
0.139063 2157
0.139125 2981
0.139187 3205
0.139250 2383
0.139313 2671
0.139375 2476
0.139437 1345
0.139500 1110
0.139563 1314
0.139625 560
0.139687 775
0.139750 1422
0.139813 714
0.139875 -195
0.139937 -701
0.140000 -898
0.140063 -1165
0.140125 -1037
0.140187 -303
0.140250 -55
0.140313 -485
0.140375 -465
0.140437 -173
0.140500 -287
0.140563 -491
0.140625 -255
0.140687 281
0.140750 825
0.140813 1096
0.140875 1006
0.140937 900
0.141000 827
0.141063 523
0.141125 661
0.141187 942
0.141250 797
0.141313 805
0.141375 1016
0.141437 729
0.141500 156
0.141563 -329
0.141625 -449
0.141687 -367
0.141750 -408
0.141813 -362
0.141875 -430
0.141937 -806
0.142000 -1456
0.142063 -1894
0.142125 -1848
0.142187 -1914
0.142250 -2088
0.142313 -1709
0.142375 -1407
0.142437 -1689
0.142500 -1626
0.142563 -2006
0.142625 -2445
0.142687 -2497
0.142750 -2347
0.142813 -1566
0.142875 -1159
0.142937 -1545
0.143000 -2261
0.143063 -2747
0.143125 -2956
0.143187 -3156
0.143250 -2666
0.143313 -2209
0.143375 -2506
0.143437 -2606
0.143500 -2050
0.143563 -2103
0.143625 -2294
0.143687 -1996
0.143750 -1659
0.143813 -1244
0.143875 -1529
0.143937 -1269
0.144000 -781
0.144063 -433
0.144125 -229
0.144187 -386
0.144250 -888
0.144313 -937
0.144375 -620
0.144437 -59
0.144500 665
0.144563 364
0.144625 -78
0.144687 558
0.144750 518
0.144813 67
0.144875 760
0.144937 1471
0.145000 1355
0.145063 1747
0.145125 4532
0.145187 4250
0.145250 2101
0.145313 2235
0.145375 2153
0.145437 1797
0.145500 2970
0.145563 4238
0.145625 2903
0.145687 2569
0.145750 2701
0.145813 1945
0.145875 304
0.145937 -136
0.146000 572
0.146063 741
0.146125 616
0.146187 433
0.146250 -89
0.146313 -740
0.146375 -1227
0.146437 -1482
0.146500 -1418
0.146563 -1279
0.146625 -1106
0.146687 -573
0.146750 30
0.146813 188
0.146875 -433
0.146937 -768
0.147000 -623
0.147063 -255
0.147125 851
0.147187 1938
0.147250 1765
0.147313 1082
0.147375 1261
0.147437 1641
0.147500 2954
0.147563 3842
0.147625 2479
0.147687 2099
0.147750 2417
0.147813 1928
0.147875 1985
0.147937 2791
0.148000 1738
0.148063 734
0.148125 1302
0.148187 1192
0.148250 402
0.148313 -186
0.148375 -115
0.148438 -424
0.148500 -793
0.148562 -645
0.148625 -436
0.148688 -601
0.148750 -700
0.148812 -575
0.148875 -446
0.148938 -634
0.149000 -768
0.149062 -329
0.149125 314
0.149188 516
0.149250 475
0.149312 197
0.149375 133
0.149438 516
0.149500 912
0.149562 1034
0.149625 925
0.149688 510
0.149750 444
0.149812 677
0.149875 817
0.149938 549
0.150000 105
0.150062 -117
0.150125 -216
0.150188 -109
0.150250 -140
0.150312 -402
0.150375 -901
0.150438 -1463
0.150500 -1407
0.150562 -1543
0.150625 -1669
0.150688 -1616
0.150750 -1718
0.150812 -2122
0.150875 -1870
0.150938 -1686
0.151000 -2270
0.151062 -2654
0.151125 -2573
0.151188 -2033
0.151250 -1950
0.151312 -2427
0.151375 -2195
0.151438 -1875
0.151500 -2675
0.151562 -3307
0.151625 -2790
0.151688 -2359
0.151750 -2762
0.151812 -2074
0.151875 -1089
0.151938 -1712
0.152000 -2771
0.152062 -1510
0.152125 -1581
0.152188 -2306
0.152250 -1400
0.152312 -816
0.152375 -671
0.152438 -475
0.152500 -918
0.152562 -487
0.152625 -247
0.152688 -1776
0.152750 -1188
0.152812 703
0.152875 -260
0.152938 -246
0.153000 1101
0.153062 392
0.153125 -324
0.153188 32
0.153250 851
0.153312 1009
0.153375 892
0.153438 1641
0.153500 3479
0.153562 4432
0.153625 2780
0.153688 2123
0.153750 2313
0.153812 1724
0.153875 2248
0.153938 3996
0.154000 3963
0.154062 2347
0.154125 2869
0.154188 2843
0.154250 1336
0.154312 5
0.154375 603
0.154438 1151
0.154500 745
0.154562 505
0.154625 843
0.154688 51
0.154750 -1233
0.154812 -1517
0.154875 -1310
0.154938 -1310
0.155000 -1376
0.155062 -840
0.155125 -255
0.155188 -303
0.155250 -615
0.155312 -820
0.155375 -1046
0.155438 -1188
0.155500 -234
0.155562 1161
0.155625 1528
0.155688 833
0.155750 959
0.155812 1324
0.155875 1259
0.155938 2009
0.156000 2358
0.156062 2617
0.156125 3667
0.156188 3148
0.156250 2303
0.156312 2674
0.156375 1885
0.156438 960
0.156500 1937
0.156562 2229
0.156625 1349
0.156688 1460
0.156750 1221
0.156812 -20
0.156875 -703
0.156938 -400
0.157000 -347
0.157062 -711
0.157125 -475
0.157188 -304
0.157250 -507
0.157312 -796
0.157375 -1062
0.157438 -1180
0.157500 -1012
0.157562 -584
0.157625 -209
0.157688 65
0.157750 285
0.157812 370
0.157875 137
0.157938 31
0.158000 169
0.158062 448
0.158125 733
0.158188 1134
0.158250 1057
0.158312 785
0.158375 486
0.158438 287
0.158500 69
0.158562 5
0.158625 280
0.158688 262
0.158750 -76
0.158812 -422
0.158875 -774
0.158938 -1323
0.159000 -1615
0.159062 -1469
0.159125 -1702
0.159188 -1646
0.159250 -1329
0.159312 -1685
0.159375 -2069
0.159438 -2521
0.159500 -2898
0.159562 -2668
0.159625 -2605
0.159688 -2443
0.159750 -2155
0.159812 -2635
0.159875 -2805
0.159938 -3169
0.160000 -3394
0.160062 -3109
0.160125 -2569
0.160188 -2681
0.160250 -1745
0.160312 -1374
0.160375 -2074
0.160438 -1919
0.160500 -1611
0.160562 -1820
0.160625 -1499
0.160688 -380
0.160750 -740
0.160812 -441
0.160875 -8
0.160938 -38
0.161000 -537
0.161062 -955
0.161125 -516
0.161188 -371
0.161250 117
0.161312 557
0.161375 576
0.161438 323
0.161500 296
0.161562 222
0.161625 -33
0.161688 311
0.161750 670
0.161812 1318
0.161875 2294
0.161938 4020
0.162000 2778
0.162062 1668
0.162125 1568
0.162188 1501
0.162250 1626
0.162312 3352
0.162375 3605
0.162438 2464
0.162500 2947
0.162562 2817
0.162625 1745
0.162688 617
0.162750 956
0.162812 1118
0.162875 1284
0.162938 773
0.163000 662
0.163062 2722
0.163125 -638
0.163188 -2481
0.163250 574
0.163312 -840
0.163375 -2344
0.163438 -178
0.163500 -880
0.163562 1604
0.163625 -337
0.163688 -3341
0.163750 336
0.163812 -1112
0.163875 -2546
0.163938 1317
0.164000 996
0.164062 -452
0.164125 609
0.164187 675
0.164250 527
0.164313 2243
0.164375 1923
0.164437 854
0.164500 2676
0.164563 2144
0.164625 1034
0.164687 2623
0.164750 3094
0.164813 1441
0.164875 1268
0.164937 1838
0.165000 2084
0.165063 1392
0.165125 1214
0.165187 1561
0.165250 474
0.165313 -58
0.165375 727
0.165437 206
0.165500 -216
0.165563 153
0.165625 -177
0.165687 -183
0.165750 -703
0.165813 -1048
0.165875 -332
0.165937 -374
0.166000 -574
0.166063 -659
0.166125 -753
0.166187 -358
0.166250 -253
0.166313 -309
0.166375 98
0.166437 -82
0.166500 -330
0.166563 17
0.166625 382
0.166687 358
0.166750 463
0.166813 349
0.166875 53
0.166937 73
0.167000 510
0.167063 616
0.167125 73
0.167187 -120
0.167250 -315
0.167313 -506
0.167375 -583
0.167437 -753
0.167500 -774
0.167563 -990
0.167625 -1374
0.167687 -1136
0.167750 -1451
0.167813 -2145
0.167875 -1814
0.167937 -1894
0.168000 -2510
0.168063 -2437
0.168125 -1824
0.168187 -2456
0.168250 -3165
0.168313 -2771
0.168375 -3170
0.168437 -3169
0.168500 -2705
0.168563 -2452
0.168625 -2667
0.168687 -2588
0.168750 -2204
0.168813 -2117
0.168875 -2058
0.168937 -2311
0.169000 -1495
0.169063 -1468
0.169125 -1133
0.169187 -418
0.169250 -910
0.169313 -850
0.169375 -84
0.169437 -578
0.169500 -658
0.169563 134
0.169625 -267
0.169687 -54
0.169750 427
0.169813 638
0.169875 525
0.169937 384
0.170000 496
0.170063 607
0.170125 512
0.170187 1045
0.170250 1559
0.170313 2016
0.170375 2972
0.170437 2294
0.170500 1961
0.170563 1805
0.170625 1492
0.170687 1714
0.170750 2677
0.170813 2829
0.170875 2539
0.170937 2345
0.171000 2323
0.171063 2102
0.171125 1001
0.171187 1209
0.171250 1544
0.171313 1010
0.171375 838
0.171437 1331
0.171500 1139
0.171563 606
0.171625 32
0.171687 -117
0.171750 -407
0.171813 -804
0.171875 -258
0.171937 36
0.172000 -168
0.172063 -254
0.172125 -338
0.172187 -842
0.172250 -956
0.172313 -804
0.172375 -298
0.172437 -101
0.172500 -286
0.172563 -79
0.172625 148
0.172687 59
0.172750 189
0.172813 1408
0.172875 1229
0.172937 328
0.173000 720
0.173063 1145
0.173125 997
0.173187 1133
0.173250 1772
0.173313 1531
0.173375 990
0.173437 1165
0.173500 1654
0.173563 1156
0.173625 588
0.173687 1168
0.173750 1280
0.173813 458
0.173875 574
0.173937 954
0.174000 588
0.174063 -5
0.174125 13
0.174187 190
0.174250 -445
0.174313 -624
0.174375 -251
0.174437 -243
0.174500 -645
0.174563 -849
0.174625 -961
0.174687 -1067
0.174750 -1107
0.174813 -903
0.174875 -743
0.174937 -1084
0.175000 -1241
0.175063 -976
0.175125 -859
0.175187 -872
0.175250 -753
0.175313 -749
0.175375 -580
0.175437 -520
0.175500 -319
0.175563 -40
0.175625 -302
0.175687 -509
0.175750 -376
0.175813 -437
0.175875 -494
0.175937 -401
0.176000 -374
0.176063 -498
0.176125 -506
0.176187 -473
0.176250 -538
0.176313 -579
0.176375 -826
0.176437 -749
0.176500 -633
0.176563 -606
0.176625 -577
0.176687 -539
0.176750 -548
0.176813 -675
0.176875 -591
0.176937 -544
0.177000 -659
0.177063 -536
0.177125 -421
0.177187 -437
0.177250 -339
0.177313 -379
0.177375 -406
0.177437 -436
0.177500 -475
0.177563 -447
0.177625 -361
0.177687 -333
0.177750 -329
0.177813 -185
0.177875 -159
0.177937 -114
0.178000 -135
0.178063 -231
0.178125 -218
0.178187 -180
0.178250 -90
0.178313 -53
0.178375 8
0.178437 84
0.178500 216
0.178563 171
0.178625 100
0.178687 126
0.178750 32
0.178813 -6
0.178875 117
0.178937 199
0.179000 191
0.179063 277
0.179125 231
0.179187 229
0.179250 360
0.179313 343
0.179375 269
0.179437 398
0.179500 440
0.179563 408
0.179625 561
0.179688 599
0.179750 446
0.179812 438
0.179875 494
0.179938 427
0.180000 429
0.180062 492
0.180125 495
0.180188 402
0.180250 414
0.180312 525
0.180375 401
0.180438 277
0.180500 354
0.180562 429
0.180625 375
0.180688 375
0.180750 392
0.180812 449
0.180875 397
0.180938 382
0.181000 473
0.181062 422
0.181125 299
0.181188 398
0.181250 468
0.181312 394
0.181375 444
0.181438 498
0.181500 436
0.181562 404
0.181625 489
0.181688 422
0.181750 328
0.181812 371
0.181875 395
0.181938 330
0.182000 332
0.182062 379
0.182125 309
0.182188 206
0.182250 261
0.182312 337
0.182375 208
0.182438 136
0.182500 237
0.182562 234
0.182625 171
0.182688 196
0.182750 194
0.182812 95
0.182875 10
0.182938 -19
0.183000 6
0.183062 27
0.183125 -14
0.183188 -27
0.183250 44
0.183312 2
0.183375 -80
0.183438 -87
0.183500 -124
0.183562 -192
0.183625 -182
0.183688 -120
0.183750 -132
0.183812 -175
0.183875 -184
0.183938 -201
0.184000 -184
0.184062 -214
0.184125 -277
0.184188 -323
0.184250 -285
0.184312 -203
0.184375 -246
0.184438 -270
0.184500 -207
0.184562 -292
0.184625 -285
0.184688 -166
0.184750 -212
0.184812 -246
0.184875 -178
0.184938 -143
0.185000 -178
0.185062 -197
0.185125 -222
0.185188 -212
0.185250 -219
0.185312 -203
0.185375 -170
0.185438 -242
0.185500 -241
0.185562 -176
0.185625 -216
0.185688 -273
0.185750 -256
0.185812 -266
0.185875 -326
0.185938 -314
0.186000 -290
0.186062 -398
0.186125 -417
0.186188 -375
0.186250 -419
0.186312 -429
0.186375 -373
0.186438 -430
0.186500 -492
0.186562 -485
0.186625 -481
0.186688 -448
0.186750 -446
0.186812 -423
0.186875 -391
0.186938 -423
0.187000 -480
0.187062 -426
0.187125 -476
0.187188 -550
0.187250 -433
0.187312 -352
0.187375 -413
0.187438 -369
0.187500 -307
0.187562 -383
0.187625 -412
0.187688 -339
0.187750 -263
0.187812 -270
0.187875 -238
0.187938 -192
0.188000 -135
0.188062 -103
0.188125 -55
0.188188 4
0.188250 18
0.188312 85
0.188375 196
0.188438 264
0.188500 255
0.188562 305
0.188625 344
0.188688 348
0.188750 337
0.188812 380
0.188875 436
0.188938 480
0.189000 566
0.189062 569
0.189125 521
0.189188 538
0.189250 554
0.189312 566
0.189375 600
0.189438 583
0.189500 574
0.189562 654
0.189625 695
0.189688 619
0.189750 618
0.189812 680
0.189875 624
0.189938 605
0.190000 682
0.190062 710
0.190125 651
0.190188 600
0.190250 607
0.190312 589
0.190375 511
0.190438 493
0.190500 533
0.190562 490
0.190625 411
0.190688 442
0.190750 461
0.190812 372
0.190875 314
0.190938 287
0.191000 254
0.191062 276
0.191125 231
0.191188 222
0.191250 213
0.191312 125
0.191375 89
0.191438 108
0.191500 77
0.191562 34
0.191625 57
0.191688 61
0.191750 26
0.191812 7
0.191875 2
0.191938 -49
0.192000 -112
0.192062 -124
0.192125 -77
0.192188 -126
0.192250 -176
0.192312 -151
0.192375 -141
0.192438 -198
0.192500 -211
0.192562 -226
0.192625 -253
0.192688 -186
0.192750 -116
0.192812 -165
0.192875 -179
0.192938 -140
0.193000 -182
0.193062 -152
0.193125 -114
0.193188 -157
0.193250 -167
0.193312 -103
0.193375 -60
0.193438 -95
0.193500 -85
0.193562 -68
0.193625 -88
0.193688 -92
0.193750 -51
0.193812 -64
0.193875 -68
0.193938 -73
0.194000 -120
0.194062 -126
0.194125 -122
0.194188 -130
0.194250 -103
0.194312 -143
0.194375 -238
0.194438 -228
0.194500 -234
0.194562 -310
0.194625 -270
0.194688 -230
0.194750 -287
0.194812 -324
0.194875 -342
0.194938 -370
0.195000 -398
0.195062 -402
0.195125 -387
0.195188 -380
0.195250 -398
0.195312 -452
0.195375 -464
0.195437 -459
0.195500 -503
0.195563 -507
0.195625 -472
0.195687 -497
0.195750 -478
0.195813 -418
0.195875 -444
0.195937 -451
0.196000 -454
0.196063 -494
0.196125 -491
0.196187 -464
0.196250 -469
0.196313 -449
0.196375 -444
0.196437 -421
0.196500 -345
0.196563 -363
0.196625 -398
0.196687 -305
0.196750 -273
0.196813 -241
0.196875 -150
0.196937 -101
0.197000 -94
0.197063 -26
0.197125 53
0.197187 33
0.197250 62
0.197313 171
0.197375 223
0.197437 274
0.197500 327
0.197563 362
0.197625 380
0.197687 431
0.197750 477
0.197813 459
0.197875 464
0.197937 544
0.198000 569
0.198063 545
0.198125 575
0.198187 582
0.198250 557
0.198313 592
0.198375 633
0.198437 651
0.198500 670
0.198563 670
0.198625 640
0.198687 618
0.198750 588
0.198813 554
0.198875 555
0.198937 558
0.199000 535
0.199063 519
0.199125 542
0.199187 528
0.199250 454
0.199313 381
0.199375 388
0.199437 386
0.199500 330
0.199563 309
0.199625 322
0.199687 289
0.199750 223
0.199813 180
0.199875 176
0.199937 184
0.200000 154
0.200063 139
0.200125 170
0.200187 132
0.200250 56
0.200313 72
0.200375 59
0.200437 -45
0.200500 -39
0.200563 11
0.200625 -55
0.200687 -108
0.200750 -80
0.200813 -109
0.200875 -172
0.200937 -187
0.201000 -195
0.201063 -167
0.201125 -180
0.201187 -198
0.201250 -186
0.201313 -216
0.201375 -225
0.201437 -183
0.201500 -162
0.201563 -193
0.201625 -199
0.201687 -195
0.201750 -175
0.201813 -158
0.201875 -148
0.201937 -148
0.202000 -174
0.202063 -174
0.202125 -170
0.202187 -155
0.202250 -149
0.202313 -111
0.202375 -105
0.202437 -145
0.202500 -159
0.202563 -145
0.202625 -133
0.202687 -95
0.202750 -91
0.202813 -130
0.202875 -118
0.202937 -80
0.203000 -122
0.203063 -140
0.203125 -108
0.203187 -123
0.203250 -176
0.203313 -218
0.203375 -171
0.203437 -202
0.203500 -255
0.203563 -207
0.203625 -210
0.203687 -277
0.203750 -285
0.203813 -271
0.203875 -341
0.203937 -370
0.204000 -359
0.204063 -382
0.204125 -392
0.204187 -392
0.204250 -386
0.204313 -365
0.204375 -387
0.204437 -418
0.204500 -415
0.204563 -410
0.204625 -400
0.204687 -427
0.204750 -428
0.204813 -400
0.204875 -418
0.204937 -421
0.205000 -371
0.205063 -393
0.205125 -427
0.205187 -354
0.205250 -332
0.205313 -378
0.205375 -349
0.205437 -278
0.205500 -280
0.205563 -268
0.205625 -224
0.205687 -215
0.205750 -186
0.205813 -88
0.205875 -81
0.205937 -81
0.206000 0
0.206063 61
0.206125 100
0.206187 163
0.206250 194
0.206313 182
0.206375 230
0.206437 264
0.206500 317
0.206563 368
0.206625 365
0.206687 390
0.206750 445
0.206813 482
0.206875 507
0.206937 517
0.207000 517
0.207063 512
0.207125 471
0.207187 476
0.207250 505
0.207313 466
0.207375 469
0.207437 482
0.207500 436
0.207563 425
0.207625 462
0.207687 440
0.207750 388
0.207813 393
0.207875 380
0.207937 353
0.208000 367
0.208063 348
0.208125 319
0.208187 319
0.208250 303
0.208313 277
0.208375 234
0.208437 233
0.208500 280
0.208563 252
0.208625 226
0.208687 220
0.208750 201
0.208813 159
0.208875 150
0.208937 140
0.209000 121
0.209063 119
0.209125 87
0.209187 59
0.209250 45
0.209313 7
0.209375 -36
0.209437 -42
0.209500 -64
0.209563 -73
0.209625 -92
0.209687 -135
0.209750 -138
0.209813 -136
0.209875 -139
0.209937 -148
0.210000 -152
0.210063 -161
0.210125 -115
0.210187 -93
0.210250 -125
0.210313 -119
0.210375 -124
0.210437 -149
0.210500 -148
0.210563 -136
0.210625 -148
0.210687 -139
0.210750 -136
0.210813 -119
0.210875 -132
0.210938 -151
0.211000 -106
0.211062 -98
0.211125 -111
0.211188 -95
0.211250 -88
0.211312 -85
0.211375 -86
0.211438 -89
0.211500 -94
0.211562 -76
0.211625 -90
0.211688 -98
0.211750 -111
0.211812 -119
0.211875 -122
0.211938 -103
0.212000 -94
0.212062 -121
0.212125 -110
0.212188 -129
0.212250 -161
0.212312 -167
0.212375 -187
0.212438 -203
0.212500 -183
0.212562 -183
0.212625 -182
0.212688 -194
0.212750 -221
0.212812 -251
0.212875 -283
0.212938 -309
0.213000 -299
0.213062 -291
0.213125 -332
0.213188 -330
0.213250 -309
0.213312 -335
0.213375 -370
0.213438 -388
0.213500 -390
0.213562 -408
0.213625 -354
0.213688 -332
0.213750 -413
0.213812 -384
0.213875 -330
0.213938 -365
0.214000 -360
0.214062 -361
0.214125 -363
0.214188 -322
0.214250 -278
0.214312 -256
0.214375 -259
0.214438 -247
0.214500 -212
0.214562 -192
0.214625 -154
0.214688 -115
0.214750 -103
0.214812 -79
0.214875 0
0.214938 47
0.215000 42
0.215062 96
0.215125 115
0.215188 76
0.215250 127
0.215312 197
0.215375 192
0.215438 208
0.215500 228
0.215562 255
0.215625 266
0.215688 271
0.215750 286
0.215812 290
0.215875 302
0.215938 359
0.216000 397
0.216062 376
0.216125 340
0.216188 372
0.216250 405
0.216312 387
0.216375 391
0.216438 392
0.216500 380
0.216562 397
0.216625 412
0.216688 396
0.216750 389
0.216812 360
0.216875 336
0.216938 346
0.217000 346
0.217062 327
0.217125 338
0.217188 340
0.217250 279
0.217312 258
0.217375 272
0.217438 285
0.217500 268
0.217562 222
0.217625 214
0.217688 194
0.217750 167
0.217812 132
0.217875 156
0.217938 126
0.218000 120
0.218062 131
0.218125 85
0.218188 53
0.218250 48
0.218312 15
0.218375 -24
0.218438 -9
0.218500 -12
0.218562 -24
0.218625 -57
0.218688 -72
0.218750 -71
0.218812 -141
0.218875 -157
0.218938 -112
0.219000 -128
0.219062 -151
0.219125 -130
0.219188 -125
0.219250 -157
0.219312 -146
0.219375 -142
0.219438 -160
0.219500 -155
0.219562 -157
0.219625 -184
0.219688 -153
0.219750 -136
0.219812 -185
0.219875 -170
0.219938 -102
0.220000 -128
0.220062 -175
0.220125 -165
0.220188 -146
0.220250 -145
0.220312 -129
0.220375 -102
0.220438 -127
0.220500 -172
0.220562 -146
0.220625 -98
0.220688 -145
0.220750 -154
0.220812 -124
0.220875 -144
0.220938 -141
0.221000 -116
0.221062 -114
0.221125 -133
0.221188 -171
0.221250 -165
0.221312 -122
0.221375 -121
0.221438 -178
0.221500 -163
0.221562 -139
0.221625 -153
0.221688 -169
0.221750 -181
0.221812 -190
0.221875 -220
0.221938 -202
0.222000 -198
0.222062 -203
0.222125 -207
0.222188 -214
0.222250 -201
0.222312 -193
0.222375 -218
0.222438 -243
0.222500 -242
0.222562 -203
0.222625 -176
0.222688 -196
0.222750 -174
0.222812 -187
0.222875 -233
0.222938 -207
0.223000 -171
0.223062 -175
0.223125 -167
0.223188 -155
0.223250 -131
0.223312 -108
0.223375 -92
0.223438 -85
0.223500 -74
0.223562 -62
0.223625 -42
0.223688 2
0.223750 22
0.223812 73
0.223875 95
0.223938 87
0.224000 91
0.224062 51
0.224125 32
0.224188 73
0.224250 112
0.224312 123
0.224375 157
0.224438 180
0.224500 171
0.224562 164
0.224625 179
0.224688 186
0.224750 195
0.224812 209
0.224875 225
0.224938 231
0.225000 235
0.225062 230
0.225125 247
0.225188 264
0.225250 246
0.225312 253
0.225375 286
0.225438 297
0.225500 262
0.225562 245
0.225625 270
0.225688 239
0.225750 215
0.225812 246
0.225875 258
0.225938 246
0.226000 262
0.226062 260
0.226125 258
0.226188 258
0.226250 232
0.226312 186
0.226375 170
0.226438 180
0.226500 139
0.226562 131
0.226625 125
0.226687 107
0.226750 87
0.226813 46
0.226875 46
0.226937 71
0.227000 34
0.227063 4
0.227125 35
0.227187 39
0.227250 -18
0.227313 -54
0.227375 -52
0.227437 -85
0.227500 -127
0.227563 -97
0.227625 -89
0.227687 -112
0.227750 -117
0.227813 -120
0.227875 -105
0.227937 -105
0.228000 -90
0.228063 -84
0.228125 -103
0.228187 -68
0.228250 -68
0.228313 -87
0.228375 -68
0.228437 -129
0.228500 -179
0.228563 -139
0.228625 -131
0.228687 -148
0.228750 -134
0.228813 -123
0.228875 -124
0.228937 -118
0.229000 -115
0.229063 -138
0.229125 -141
0.229187 -114
0.229250 -112
0.229313 -104
0.229375 -70
0.229437 -76
0.229500 -99
0.229563 -88
0.229625 -85
0.229687 -75
0.229750 -81
0.229813 -95
0.229875 -82
0.229937 -78
0.230000 -88
0.230063 -80
0.230125 -87
0.230187 -67
0.230250 -72
0.230313 -87
0.230375 -62
0.230437 -56
0.230500 -77
0.230563 -57
0.230625 -44
0.230687 -91
0.230750 -112
0.230813 -115
0.230875 -112
0.230937 -105
0.231000 -97
0.231063 -62
0.231125 -67
0.231187 -121
0.231250 -110
0.231313 -101
0.231375 -102
0.231437 -79
0.231500 -91
0.231563 -125
0.231625 -141
0.231687 -102
0.231750 -196
0.231813 75
0.231875 180
0.231937 -308
0.232000 -156
0.232063 -29
0.232125 50
0.232187 29
0.232250 -92
0.232313 14
0.232375 81
0.232437 -6
0.232500 -16
0.232563 73
0.232625 25
0.232687 54
0.232750 56
0.232813 67
0.232875 75
0.232937 33
0.233000 85
0.233063 117
0.233125 91
0.233187 77
0.233250 102
0.233313 79
0.233375 104
0.233437 118
0.233500 134
0.233563 115
0.233625 108
0.233687 145
0.233750 115
0.233813 137
0.233875 145
0.233937 151
0.234000 163
0.234063 160
0.234125 169
0.234187 185
0.234250 202
0.234313 183
0.234375 183
0.234437 173
0.234500 131
0.234563 142
0.234625 173
0.234687 146
0.234750 122
0.234813 134
0.234875 150
0.234937 153
0.235000 128
0.235063 111
0.235125 99
0.235187 85
0.235250 72
0.235313 82
0.235375 80
0.235437 77
0.235500 77
0.235563 80
0.235625 72
0.235687 51
0.235750 30
0.235813 37
0.235875 52
0.235937 35
0.236000 57
0.236063 71
0.236125 48
0.236187 22
0.236250 9
0.236313 -29
0.236375 -25
0.236437 -8
0.236500 -35
0.236563 -42
0.236625 -32
0.236687 -43
0.236750 -51
0.236813 -43
0.236875 -53
0.236937 -55
0.237000 -60
0.237063 -65
0.237125 -56
0.237187 -59
0.237250 -66
0.237313 -58
0.237375 -46
0.237437 -54
0.237500 -53
0.237563 -54
0.237625 -52
0.237687 -37
0.237750 -37
0.237813 -55
0.237875 -62
0.237937 -68
0.238000 -59
0.238063 -28
0.238125 -35
0.238187 -55
0.238250 -54
0.238313 -60
0.238375 -51
0.238437 -44
0.238500 -84
0.238563 -81
0.238625 -70
0.238687 -87
0.238750 -77
0.238813 -57
0.238875 -39
0.238937 -39
0.239000 -41
0.239063 -28
0.239125 -24
0.239187 -42
0.239250 -41
0.239313 -2
0.239375 -8
0.239437 -20
0.239500 12
0.239563 12
0.239625 -30
0.239687 -51
0.239750 -46
0.239813 -30
0.239875 -30
0.239937 -33
0.240000 -28
0.240063 -2
0.240125 2
0.240187 -12
0.240250 -18
0.240313 -6
0.240375 -13
0.240437 -14
0.240500 -21
0.240563 -25
0.240625 4
0.240687 17
0.240750 -13
0.240813 -37
0.240875 -46
0.240937 -44
0.241000 -46
0.241063 -34
0.241125 -19
0.241187 -17
0.241250 -5
0.241313 3
0.241375 14
0.241437 11
0.241500 13
0.241563 24
0.241625 22
0.241687 54
0.241750 55
0.241813 36
0.241875 58
0.241937 83
0.242000 74
0.242063 74
0.242125 85
0.242188 73
0.242250 76
0.242312 75
0.242375 77
0.242438 100
0.242500 74
0.242562 62
0.242625 64
0.242688 65
0.242750 90
0.242812 93
0.242875 57
0.242938 54
0.243000 64
0.243062 57
0.243125 60
0.243188 80
0.243250 84
0.243312 78
0.243375 76
0.243438 63
0.243500 59
0.243562 53
0.243625 37
0.243688 65
0.243750 76
0.243812 74
0.243875 84
0.243938 81
0.244000 52
0.244062 33
0.244125 9
0.244188 -4
0.244250 10
0.244312 17
0.244375 21
0.244438 -11
0.244500 -25
0.244562 -15
0.244625 -6
0.244688 -20
0.244750 -20
0.244812 4
0.244875 -13
0.244938 -20
0.245000 -5
0.245062 -17
0.245125 -20
0.245188 -21
0.245250 -39
0.245312 -27
0.245375 -11
0.245438 -20
0.245500 -11
0.245562 -17
0.245625 -35
0.245688 -9
0.245750 9
0.245812 32
0.245875 23
0.245938 0
0.246000 9
0.246062 9
0.246125 -2
0.246188 12
0.246250 21
0.246312 15
0.246375 -26
0.246438 -35
0.246500 1
0.246562 1
0.246625 0
0.246688 -11
0.246750 -21
0.246812 -23
0.246875 -40
0.246938 -31
0.247000 -29
0.247062 -30
0.247125 -19
0.247188 -33
0.247250 -40
0.247312 -40
0.247375 -28
0.247438 -27
0.247500 -36
0.247562 -34
0.247625 -12
0.247688 -12
0.247750 -9
0.247812 0
0.247875 -8
0.247938 -20
0.248000 -33
0.248062 -25
0.248125 -19
0.248188 -8
0.248250 -9
0.248312 -20
0.248375 -53
0.248438 -36
0.248500 -23
0.248562 -37
0.248625 -28
0.248688 -40
0.248750 -38
0.248812 -57
0.248875 -45
0.248938 -20
0.249000 -23
0.249062 -16
0.249125 -16
0.249188 -20
0.249250 -21
0.249312 -13
0.249375 10
0.249438 4
0.249500 -4
0.249562 5
0.249625 -6
0.249688 -4
0.249750 11
0.249812 3
0.249875 19
0.249938 34
0.250000 24
0.250063 28
0.250125 20
0.250188 -12
0.250250 -15
0.250312 1
0.250375 -9
0.250437 -4
0.250500 19
0.250563 28
0.250625 21
0.250688 6
0.250750 23
0.250812 27
0.250875 -2
0.250937 16
0.251000 41
0.251063 35
0.251125 18
0.251188 14
0.251250 8
0.251312 -5
0.251375 -8
0.251437 -31
0.251500 -30
0.251563 -21
0.251625 -16
0.251688 -6
0.251750 -8
0.251812 -16
0.251875 -7
0.251937 -18
0.252000 -25
0.252063 1
0.252125 13
0.252188 1
0.252250 -17
0.252312 -19
0.252375 -11
0.252437 6
0.252500 -14
0.252563 -30
0.252625 -25
0.252688 -36
0.252750 -34
0.252812 -22
0.252875 3
0.252937 10
0.253000 0
0.253063 -25
0.253125 -35
0.253188 -21
0.253250 -27
0.253312 -23
0.253375 -2
0.253437 -18
0.253500 -24
0.253563 -4
0.253625 -12
0.253688 -29
0.253750 -7
0.253812 9
0.253875 4
0.253937 -9
0.254000 -22
0.254063 -33
0.254125 -21
0.254188 -34
0.254250 -44
0.254312 -41
0.254375 -38
0.254437 -2
0.254500 7
0.254563 -1
0.254625 -28
0.254688 -27
0.254750 -16
0.254812 -31
0.254875 -34
0.254937 -16
0.255000 2
0.255063 -1
0.255125 -2
0.255188 -6
0.255250 0
0.255312 2
0.255375 -4
0.255437 12
0.255500 7
0.255563 -7
0.255625 -18
0.255688 -5
0.255750 13
0.255812 10
0.255875 32
0.255937 27
0.256000 1
0.256063 -5
0.256125 16
0.256188 36
0.256250 26
0.256312 31
0.256375 29
0.256437 46
0.256500 66
0.256563 45
0.256625 71
0.256688 108
0.256750 120
0.256812 170
0.256875 215
0.256937 191
0.257000 112
0.257063 118
0.257125 138
0.257188 25
0.257250 171
0.257312 66
0.257375 1369
0.257437 2245
0.257500 -448
0.257563 -1872
0.257625 -665
0.257688 264
0.257750 -128
0.257812 -383
0.257875 159
0.257937 -326
0.258000 -527
0.258062 467
0.258125 -281
0.258188 -529
0.258250 -170
0.258313 -85
0.258375 -381
0.258437 -221
0.258500 402
0.258562 -932
0.258625 450
0.258688 -173
0.258750 -720
0.258813 199
0.258875 107
0.258937 259
0.259000 -307
0.259062 438
0.259125 -212
0.259188 -481
0.259250 270
0.259313 84
0.259375 -339
0.259437 261
0.259500 -201
0.259562 353
0.259625 -70
0.259688 -651
0.259750 278
0.259813 433
0.259875 -37
0.259937 -1029
0.260000 675
0.260062 267
0.260125 -699
0.260188 339
0.260250 512
0.260313 -687
0.260375 28
0.260437 794
0.260500 -894
0.260562 110
0.260625 219
0.260688 163
0.260750 -715
0.260813 415
0.260875 799
0.260937 -1364
0.261000 425
0.261062 424
0.261125 -297
0.261188 -682
0.261250 736
0.261313 201
0.261375 -1222
0.261437 1094
0.261500 317
0.261562 -1291
0.261625 307
0.261688 573
0.261750 -93
0.261813 -1068
0.261875 443
0.261937 1097
0.262000 -1486
0.262062 217
0.262125 1022
0.262188 -713
0.262250 -208
0.262313 386
0.262375 -643
0.262437 173
0.262500 964
0.262562 -574
0.262625 -1017
0.262688 1022
0.262750 826
0.262813 -1359
0.262875 -726
0.262937 1703
0.263000 -475
0.263062 -1032
0.263125 887
0.263188 -380
0.263250 328
0.263313 -442
0.263375 1052
0.263437 -1286
0.263500 -163
0.263562 1536
0.263625 -1765
0.263688 141
0.263750 779
0.263813 171
0.263875 -1116
0.263937 531
0.264000 849
0.264062 -1323
0.264125 196
0.264188 353
0.264250 -324
0.264313 -479
0.264375 130
0.264437 -489
0.264500 21
0.264562 -1283
0.264625 -853
0.264688 1065
0.264750 -524
0.264813 -589
0.264875 -332
0.264937 867
0.265000 605
0.265062 -1282
0.265125 -157
0.265188 1514
0.265250 -405
0.265313 -1295
0.265375 248
0.265437 2633
0.265500 5108
0.265562 3654
0.265625 -1533
0.265688 -2102
0.265750 1586
0.265813 771
0.265875 -1154
0.265937 514
0.266000 1451
0.266062 -682
0.266125 -925
0.266188 -775
0.266250 -58
0.266313 -147
0.266375 -995
0.266437 324
0.266500 331
0.266562 -1248
0.266625 -655
0.266688 2206
0.266750 -1051
0.266813 -3080
0.266875 747
0.266937 1996
0.267000 -1435
0.267062 -1471
0.267125 2666
0.267188 -717
0.267250 -1291
0.267313 418
0.267375 -142
0.267437 303
0.267500 -1209
0.267562 691
0.267625 655
0.267688 -1347
0.267750 363
0.267813 913
0.267875 -92
0.267937 -668
0.268000 -117
0.268062 1069
0.268125 -1838
0.268188 -730
0.268250 3381
0.268313 -915
0.268375 -1351
0.268437 588
0.268500 1013
0.268562 -588
0.268625 -1634
0.268688 1340
0.268750 1744
0.268813 -2023
0.268875 -2285
0.268937 3549
0.269000 716
0.269062 -2379
0.269125 -1239
0.269188 3339
0.269250 -3
0.269313 -5307
0.269375 3714
0.269437 2414
0.269500 -3825
0.269562 -198
0.269625 3739
0.269688 -1447
0.269750 -2142
0.269813 773
0.269875 1301
0.269937 -887
0.270000 -820
0.270062 1356
0.270125 307
0.270188 -1144
0.270250 906
0.270313 660
0.270375 -1075
0.270437 -669
0.270500 1121
0.270562 74
0.270625 -878
0.270688 922
0.270750 675
0.270813 -244
0.270875 -1281
0.270937 1158
0.271000 -83
0.271062 -568
0.271125 400
0.271188 -1125
0.271250 2356
0.271313 -2575
0.271375 698
0.271437 2278
0.271500 -2298
0.271562 -710
0.271625 1922
0.271688 -1433
0.271750 -44
0.271813 -170
0.271875 -110
0.271937 1276
0.272000 -688
0.272062 -872
0.272125 -292
0.272188 1609
0.272250 -423
0.272313 -2582
0.272375 2063
0.272437 1564
0.272500 -2551
0.272562 247
0.272625 922
0.272688 564
0.272750 -342
0.272813 -1990
0.272875 1209
0.272937 1980
0.273000 -2883
0.273062 -56
0.273125 2690
0.273188 -1318
0.273250 -1269
0.273313 1359
0.273375 975
0.273438 -1538
0.273500 -345
0.273562 1199
0.273625 -239
0.273687 443
0.273750 -809
0.273813 -629
0.273875 2843
0.273938 -1373
0.274000 -3201
0.274062 3389
0.274125 906
0.274187 -3636
0.274250 913
0.274313 1925
0.274375 -338
0.274438 -916
0.274500 13
0.274562 101
0.274625 1615
0.274687 -620
0.274750 -2821
0.274813 2517
0.274875 1645
0.274938 -3192
0.275000 -136
0.275062 3844
0.275125 -2042
0.275187 -1511
0.275250 890
0.275313 1246
0.275375 -1627
0.275438 -591
0.275500 2675
0.275562 -1611
0.275625 550
0.275687 -211
0.275750 -1375
0.275813 1220
0.275875 1166
0.275938 -2439
0.276000 -549
0.276062 2835
0.276125 -37
0.276187 -3505
0.276250 1649
0.276313 1914
0.276375 -1608
0.276438 -736
0.276500 -578
0.276562 1477
0.276625 242
0.276687 -382
0.276750 -959
0.276813 943
0.276875 981
0.276938 -2405
0.277000 641
0.277062 2016
0.277125 -1010
0.277187 -1216
0.277250 118
0.277313 1511
0.277375 -583
0.277438 -833
0.277500 460
0.277562 856
0.277625 297
0.277687 -1503
0.277750 130
0.277813 952
0.277875 651
0.277938 -1629
0.278000 676
0.278062 361
0.278125 -695
0.278187 63
0.278250 128
0.278313 1014
0.278375 -494
0.278438 -958
0.278500 48
0.278562 323
0.278625 796
0.278687 -791
0.278750 -1363
0.278813 1743
0.278875 637
0.278938 -2722
0.279000 346
0.279062 2883
0.279125 -1347
0.279187 -1106
0.279250 784
0.279313 136
0.279375 -484
0.279438 900
0.279500 -469
0.279562 -775
0.279625 848
0.279687 -256
0.279750 -1217
0.279813 1717
0.279875 907
0.279938 -2641
0.280000 1206
0.280062 1022
0.280125 -2391
0.280187 1079
0.280250 1326
0.280313 -1845
0.280375 -44
0.280438 1592
0.280500 -1286
0.280562 -869
0.280625 2397
0.280687 -107
0.280750 -1579
0.280813 232
0.280875 640
0.280938 -725
0.281000 480
0.281062 779
0.281125 -1222
0.281187 427
0.281250 -250
0.281313 -1065
0.281375 1329
0.281438 311
0.281500 -867
0.281562 664
0.281625 -37
0.281687 -727
0.281750 536
0.281813 61
0.281875 69
0.281938 218
0.282000 -734
0.282062 -85
0.282125 5
0.282187 898
0.282250 -10
0.282313 -1215
0.282375 1370
0.282438 169
0.282500 -2060
0.282562 1040
0.282625 1628
0.282687 -1362
0.282750 -603
0.282813 1527
0.282875 -789
0.282938 -1079
0.283000 1543
0.283062 -19
0.283125 -1186
0.283187 634
0.283250 -192
0.283313 -699
0.283375 670
0.283438 -197
0.283500 333
0.283562 41
0.283625 -1559
0.283687 305
0.283750 954
0.283813 -518
0.283875 -280
0.283938 736
0.284000 -930
0.284062 429
0.284125 -204
0.284187 -329
0.284250 529
0.284313 179
0.284375 -784
0.284438 -189
0.284500 792
0.284562 -598
0.284625 378
0.284687 140
0.284750 -271
0.284813 136
0.284875 -990
0.284938 908
0.285000 486
0.285062 -693
0.285125 144
0.285187 461
0.285250 -999
0.285313 290
0.285375 464
0.285438 -739
0.285500 536
0.285562 282
0.285625 -973
0.285687 174
0.285750 618
0.285813 -301
0.285875 -666
0.285938 962
0.286000 169
0.286062 -1415
0.286125 1030
0.286187 428
0.286250 -1000
0.286313 576
0.286375 702
0.286438 -1522
0.286500 580
0.286562 665
0.286625 -1040
0.286687 449
0.286750 365
0.286813 265
0.286875 -888
0.286938 139
0.287000 1370
0.287062 -1202
0.287125 291
0.287187 480
0.287250 -512
0.287313 -390
0.287375 404
0.287438 904
0.287500 -1165
0.287562 762
0.287625 -80
0.287687 -1057
0.287750 379
0.287813 395
0.287875 -428
0.287938 -18
0.288000 593
0.288062 -560
0.288125 -684
0.288187 1376
0.288250 -592
0.288313 -629
0.288375 958
0.288438 -430
0.288500 -240
0.288562 270
0.288625 239
0.288687 -993
0.288750 534
0.288813 165
0.288875 -893
0.288938 604
0.289000 505
0.289062 -896
0.289125 229
0.289187 125
0.289250 -325
0.289312 58
0.289375 -10
0.289438 132
0.289500 -114
0.289563 88
0.289625 -241
0.289687 -41
0.289750 -283
0.289812 80
0.289875 119
0.289938 -507
0.290000 363
0.290063 178
0.290125 -171
0.290187 -66
0.290250 391
0.290312 -198
0.290375 -59
0.290438 392
0.290500 -476
0.290563 570
0.290625 -85
0.290687 -37
0.290750 -16
0.290812 330
0.290875 -431
0.290938 -310
0.291000 1014
0.291063 -604
0.291125 279
0.291187 -234
0.291250 -85
0.291312 384
0.291375 -493
0.291438 43
0.291500 98
0.291563 403
0.291625 -573
0.291687 216
0.291750 272
0.291812 -319
0.291875 11
0.291938 57
0.292000 101
0.292063 -154
0.292125 184
0.292187 156
0.292250 70
0.292312 -263
0.292375 -84
0.292438 155
0.292500 -355
0.292563 -156
0.292625 367
0.292687 -130
0.292750 -214
0.292812 407
0.292875 -143
0.292938 -134
0.293000 98
0.293063 -74
0.293125 75
0.293187 -84
0.293250 137
0.293312 84
0.293375 99
0.293438 -284
0.293500 241
0.293563 298
0.293625 -721
0.293687 208
0.293750 379
0.293812 -276
0.293875 109
0.293938 110
0.294000 -26
0.294063 -181
0.294125 219
0.294187 228
0.294250 -336
0.294312 15
0.294375 62
0.294438 -9
0.294500 9
0.294563 -49
0.294625 -20
0.294687 -199
0.294750 221
0.294812 96
0.294875 -678
0.294938 526
0.295000 -125
0.295063 -304
0.295125 475
0.295187 -82
0.295250 -62
0.295312 -171
0.295375 27
0.295438 -116
0.295500 -147
0.295563 -72
0.295625 96
0.295687 327
0.295750 -439
0.295812 -188
0.295875 621
0.295938 -411
0.296000 -647
0.296063 461
0.296125 65
0.296187 -301
0.296250 -118
0.296312 127
0.296375 5
0.296438 -244
0.296500 -54
0.296563 -47
0.296625 204
0.296687 -62
0.296750 -64
0.296812 415
0.296875 185
0.296938 -140
0.297000 -180
0.297063 278
0.297125 350
0.297187 -386
0.297250 165
0.297312 238
0.297375 -164
0.297438 225
0.297500 289
0.297563 -5
0.297625 -293
0.297687 395
0.297750 294
0.297812 -258
0.297875 8
0.297938 207
0.298000 73
0.298063 -244
0.298125 142
0.298187 -44
0.298250 -135
0.298312 162
0.298375 18
0.298438 -82
0.298500 -233
0.298563 214
0.298625 184
0.298687 -138
0.298750 -183
0.298812 -161
0.298875 -10
0.298938 19
0.299000 37
0.299063 -192
0.299125 55
0.299187 108
0.299250 -140
0.299312 -16
0.299375 6
0.299438 98
0.299500 119
0.299563 -69
0.299625 -141
0.299687 68
0.299750 100
0.299812 -42
0.299875 410
0.299938 -7
0.300000 -312
0.300063 244
0.300125 205
0.300187 13
0.300250 17
0.300312 151
0.300375 -65
0.300438 65
0.300500 35
0.300563 -154
0.300625 204
0.300687 58
0.300750 51
0.300812 -19
0.300875 -346
0.300938 -9
0.301000 -33
0.301063 -184
0.301125 124
0.301187 -132
0.301250 -361
0.301312 121
0.301375 357
0.301438 -97
0.301500 -134
0.301563 128
0.301625 -34
0.301687 -228
0.301750 155
0.301812 242
0.301875 -254
0.301938 47
0.302000 227
0.302063 -191
0.302125 -108
0.302187 178
0.302250 147
0.302312 -114
0.302375 -33
0.302438 5
0.302500 -255
0.302563 42
0.302625 225
0.302687 -62
0.302750 -45
0.302812 303
0.302875 47
0.302938 -158
0.303000 178
0.303063 -54
0.303125 -74
0.303187 156
0.303250 40
0.303312 -69
0.303375 -12
0.303438 108
0.303500 -132
0.303563 -132
0.303625 252
0.303687 -46
0.303750 -126
0.303812 72
0.303875 -22
0.303938 -33
0.304000 -18
0.304063 13
0.304125 -7
0.304187 1
0.304250 -65
0.304312 48
0.304375 224
0.304438 -66
0.304500 -73
0.304563 153
0.304625 158
0.304688 -70
0.304750 -12
0.304812 141
0.304875 -76
0.304937 -48
0.305000 -30
0.305063 -33
0.305125 92
0.305188 -21
0.305250 -192
0.305312 17
0.305375 77
0.305437 -271
0.305500 -52
0.305563 103
0.305625 92
0.305688 64
0.305750 -84
0.305812 -1
0.305875 82
0.305937 20
0.306000 -21
0.306063 -26
0.306125 49
0.306188 73
0.306250 69
0.306312 5
0.306375 119
0.306437 76
0.306500 -244
0.306563 5
0.306625 195
0.306688 -87
0.306750 -43
0.306812 268
0.306875 -29
0.306937 -134
0.307000 157
0.307063 75
0.307125 88
0.307188 63
0.307250 -67
0.307312 36
0.307375 176
0.307437 45
0.307500 -79
0.307563 47
0.307625 98
0.307688 -72
0.307750 -10
0.307812 140
0.307875 -98
0.307937 -91
0.308000 141
0.308063 142
0.308125 42
0.308188 -75
0.308250 85
0.308312 71
0.308375 -15
0.308437 10
0.308500 19
0.308563 -83
0.308625 -5
0.308688 119
0.308750 -17
0.308812 -129
0.308875 -52
0.308937 17
0.309000 16
0.309063 1
0.309125 -73
0.309188 21
0.309250 197
0.309312 145
0.309375 21
0.309437 -43
0.309500 -24
0.309563 131
0.309625 65
0.309688 6
0.309750 -2
0.309812 -42
0.309875 80
0.309937 107
0.310000 63
0.310063 23
0.310125 141
0.310188 237
0.310250 106
0.310312 152
0.310375 106
0.310437 69
0.310500 109
0.310563 18
0.310625 -69
0.310688 -13
0.310750 15
0.310812 -213
0.310875 -192
0.310937 -113
0.311000 18
0.311063 -87
0.311125 -134
0.311188 84
0.311250 -37
0.311312 -200
0.311375 -35
0.311437 138
0.311500 39
0.311563 -29
0.311625 65
0.311688 144
0.311750 5
0.311812 -180
0.311875 -22
0.311937 52
0.312000 -52
0.312063 -125
0.312125 -98
0.312188 107
0.312250 144
0.312312 -55
0.312375 131
0.312437 -10
0.312500 -81
0.312563 26
0.312625 138
0.312688 66
0.312750 -36
0.312812 101
0.312875 84
0.312937 -89
0.313000 -52
0.313063 32
0.313125 -130
0.313188 -40
0.313250 54
0.313312 -128
0.313375 -118
0.313437 75
0.313500 25
0.313563 -56
0.313625 112
0.313688 78
0.313750 -6
0.313812 79
0.313875 -16
0.313937 -55
0.314000 111
0.314063 126
0.314125 -69
0.314188 -127
0.314250 60
0.314312 31
0.314375 -79
0.314437 41
0.314500 13
0.314563 29
0.314625 13
0.314688 -19
0.314750 206
0.314812 87
0.314875 32
0.314937 161
0.315000 31
0.315063 93
0.315125 21
0.315188 75
0.315250 154
0.315312 -7
0.315375 38
